newton()
Your coefficients?
[.25 .4 1.6]
Your abserror and itmax?
[.00000000001 50]
Your guesses?
[.25 .4 1.6]
 k | xk | f(xk)
 0 |   0.25000000000000 |  -3.017857142857e+00
 0 |  -3.01785714285714 |  -6.103778467909e-01
 1 |  -0.61037784679089 |  -1.589328773601e+01
 2 | -15.89328773600639 |  -8.155830570704e+00
 3 |  -8.15583057070353 |  -4.086389138533e+00
 4 |  -4.08638913853289 |  -1.566852821957e+00
 5 |  -1.56685282195721 |   2.572183423839e+00
 6 |   2.57218342383881 |   3.204564205246e-02
 7 |   0.03204564205246 |  -3.845325757035e+00
 8 |  -3.84532575703461 |  -1.376951243778e+00
 9 |  -1.37695124377764 |   3.903280667851e+00
10 |   3.90328066785053 |   9.393017976167e-01
11 |   0.93930179761669 |  -1.586185945577e+00
12 |  -1.58618594557736 |   2.470162541001e+00
13 |   2.47016254100075 |  -4.560889822703e-02
14 |  -0.04560889822703 |  -4.240452872102e+00
15 |  -4.24045287210185 |  -1.683127336873e+00
16 |  -1.68312733687317 |   2.019574198948e+00
17 |   2.01957419894847 |  -4.116437254617e-01
18 |  -0.41164372546169 |  -8.021692775139e+00
19 |  -8.02169277513948 |  -4.012047921660e+00
20 |  -4.01204792165960 |  -1.509399729112e+00
21 |  -1.50939972911162 |   2.905070504410e+00
22 |   2.90507050441037 |   2.752221088867e-01
23 |   0.27522210888665 |  -2.940905296920e+00
24 |  -2.94090529691976 |  -5.252273345968e-01
25 |  -0.52522733459681 |  -1.114400560552e+01
26 | -11.14400560551746 |  -5.693580679857e+00
27 |  -5.69358067985657 |  -2.658264230232e+00
28 |  -2.65826423023218 |  -1.792986989930e-01
29 |  -0.17929869899304 |  -5.129562292047e+00
30 |  -5.12956229204685 |  -2.299586882555e+00
31 |  -2.29958688255472 |   3.707354947277e-01
32 |   0.37073549472773 |  -2.674624294365e+00
33 |  -2.67462429436524 |  -2.010043074428e-01
34 |  -0.20100430744283 |  -5.308550084258e+00
35 |  -5.30855008425826 |  -2.415488748049e+00
36 |  -2.41548874804856 |   1.749978477825e-01
37 |   0.17499784778254 |  -3.266353750297e+00
38 |  -3.26635375029672 |  -8.654611735165e-01
39 |  -0.86546117351654 |   4.316281433381e+01
40 |  43.16281433381013 |   2.111589725714e+01
41 |  21.11589725714060 |   1.002653717112e+01
42 |  10.02653717111507 |   4.347255551613e+00
43 |   4.34725555161315 |   1.214106304389e+00
44 |   1.21410630438917 |  -1.222861442543e+00
45 |  -1.22286144254347 |   5.799310836712e+00
46 |   5.79931083671250 |   2.063246212719e+00
47 |   2.06324621271945 |  -3.742282197352e-01
48 |  -0.37422821973515 |  -7.351301248359e+00
49 |  -7.35130124835880 |  -3.636043301783e+00
No root was found
 k | xk | f(xk)
 0 |   0.40000000000000 |  -2.600000000000e+00
 0 |  -2.60000000000000 |  -1.000000000000e-01
 1 |  -0.10000000000000 |  -4.564285714286e+00
 2 |  -4.56428571428571 |  -1.917057468149e+00
 3 |  -1.91705746814855 |   1.219673446314e+00
 4 |   1.21967344631436 |  -1.216136374254e+00
 5 |  -1.21613637425400 |   5.912739937765e+00
 6 |   5.91273993776456 |   2.127335025372e+00
 7 |   2.12733502537170 |  -3.201624811613e-01
 8 |  -0.32016248116130 |  -6.562112942833e+00
 9 |  -6.56211294283303 |  -3.181239819335e+00
10 |  -3.18123981933541 |  -7.811659199374e-01
11 |  -0.78116591993735 |  -1.537048739909e+02
12 | -153.70487399093946 |  -7.723360175546e+01
13 | -77.23360175546181 |  -3.897912111472e+01
14 | -38.97912111472282 |  -1.981412665747e+01
15 | -19.81412665747288 |  -1.015559699784e+01
16 | -10.15559699784040 |  -5.169961382736e+00
17 |  -5.16996138273565 |  -2.325935965852e+00
18 |  -2.32593596585195 |   3.243982398054e-01
19 |   0.32439823980544 |  -2.799170951700e+00
20 |  -2.79917095169963 |  -3.589883135353e-01
21 |  -0.35898831353534 |  -7.109933345550e+00
22 |  -7.10993334555049 |  -3.498543467920e+00
23 |  -3.49854346791986 |  -1.082029336631e+00
24 |  -1.08202933663068 |   9.270688959423e+00
25 |   9.27068895942262 |   3.949366031603e+00
26 |   3.94936603160272 |   9.682862923574e-01
27 |   0.96828629235739 |  -1.544552395062e+00
28 |  -1.54455239506228 |   2.695819612918e+00
29 |   2.69581961291764 |   1.240686707898e-01
30 |   0.12406867078983 |  -3.454617154952e+00
31 |  -3.45461715495197 |  -1.042406374299e+00
32 |  -1.04240637429856 |   1.095967250489e+01
33 |  10.95967250489381 |   4.834931473100e+00
34 |   4.83493147310025 |   1.506368128044e+00
35 |   1.50636812804354 |  -8.955324634838e-01
36 |  -0.89553246348378 |   2.929905396922e+01
37 |  29.29905396921646 |   1.415384291417e+01
38 |  14.15384291417381 |   6.484328822770e+00
39 |   6.48432882277013 |   2.446795109687e+00
40 |   2.44679510968669 |  -6.363100800241e-02
41 |  -0.06363100800241 |  -4.342898169483e+00
42 |  -4.34289816948290 |  -1.758555272323e+00
43 |  -1.75855527232337 |   1.725243942463e+00
44 |   1.72524394246299 |  -6.778619050276e-01
45 |  -0.67786190502761 |  -2.431879766528e+01
46 | -24.31879766527850 |  -1.243694359318e+01
47 | -12.43694359317555 |  -6.370984131383e+00
48 |  -6.37098413138254 |  -3.068527749858e+00
49 |  -3.06852774985768 |  -6.647180207154e-01
No root was found
 k | xk | f(xk)
 0 |   1.60000000000000 |  -8.000000000000e-01
 0 |  -0.80000000000000 |  -1.297036692683e+16
 1 | -12970366926827028.00000000000000 |  -6.485183463414e+15
 2 | -6485183463413515.00000000000000 |  -3.242591731707e+15
 3 | -3242591731706758.00000000000000 |  -1.621295865853e+15
 4 | -1621295865853379.00000000000000 |  -8.106479329267e+14
 5 | -810647932926690.00000000000000 |  -4.053239664633e+14
 6 | -405323966463345.44000000000000 |  -2.026619832317e+14
 7 | -202661983231673.12000000000000 |  -1.013309916158e+14
 8 | -101330991615836.94000000000000 |  -5.066549580792e+13
 9 | -50665495807918.87500000000000 |  -2.533274790396e+13
10 | -25332747903959.84000000000000 |  -1.266637395198e+13
11 | -12666373951980.32000000000000 |  -6.333186975991e+12
12 | -6333186975990.55860000000000 |  -3.166593487996e+12
13 | -3166593487995.67970000000000 |  -1.583296743998e+12
14 | -1583296743998.24000000000000 |  -7.916483719995e+11
15 | -791648371999.52002000000000 |  -3.958241860002e+11
16 | -395824186000.15991000000000 |  -1.979120930005e+11
17 | -197912093000.47998000000000 |  -9.895604650064e+10
18 | -98956046500.63999900000000 |  -4.947802325072e+10
19 | -49478023250.72000100000000 |  -2.473901162576e+10
20 | -24739011625.75999500000000 |  -1.236950581328e+10
21 | -12369505813.27999900000000 |  -6.184752907040e+09
22 | -6184752907.04000000000000 |  -3.092376453920e+09
23 | -3092376453.92000010000000 |  -1.546188227360e+09
24 | -1546188227.35999970000000 |  -7.730941140800e+08
25 | -773094114.07999992000000 |  -3.865470574400e+08
26 | -386547057.44000000000000 |  -1.932735291200e+08
27 | -193273529.12000000000000 |  -9.663676496000e+07
28 | -96636764.95999996400000 |  -4.831838288000e+07
29 | -48318382.87999995100000 |  -2.415919184000e+07
30 | -24159191.83999991800000 |  -1.207959632000e+07
31 | -12079596.31999984000000 |  -6.039798560000e+06
32 | -6039798.55999968110000 |  -3.019899679999e+06
33 | -3019899.67999936360000 |  -1.509950239999e+06
34 | -1509950.23999872830000 |  -7.549755199975e+05
35 | -754975.51999745681000 |  -3.774881599949e+05
36 | -377488.15999491361000 |  -1.887444799898e+05
37 | -188744.47998982741000 |  -9.437263997965e+04
38 | -94372.63997965490900 |  -4.718671995931e+04
39 | -47186.71995930987800 |  -2.359375991862e+04
40 | -23593.75991861977700 |  -1.179727983724e+04
41 | -11797.27983723957500 |  -5.899039674479e+03
42 | -5899.03967447915970 |  -2.949919348958e+03
43 | -2949.91934895830310 |  -1.475358697916e+03
44 | -1475.35869791643590 |  -7.380773958315e+02
45 | -738.07739583149316 |  -3.694347916519e+02
46 | -369.43479165194913 |  -1.851095832156e+02
47 | -185.10958321559374 |  -9.293916572471e+01
48 | -92.93916572470522 |  -4.683832579618e+01
49 | -46.83832579618159 |  -2.375660632267e+01
No root was found
newton()
Your coefficients?
[98 -280 235 -78 9]
Your abserror and itmax?
[.00000000001 50]
Your guesses?
[.25 .4 1.6]
 k | xk | f(xk)
 0 |   0.25000000000000 |   2.784090909091e-01
 0 |   0.27840909090909 |   2.904485878909e-01
 1 |   0.29044858789092 |   2.928057139128e-01
 2 |   0.29280571391275 |   2.928931007600e-01
 3 |   0.29289310076004 |   2.928932188132e-01
 4 |   0.29289321881324 |   2.928932188135e-01
Found root, Intial Guess:   0.25000000000000 Iterations:  5 Root:   2.928932188135e-01
 k | xk | f(xk)
 0 |   0.40000000000000 |   4.162790697674e-01
 0 |   0.41627906976744 |   4.227152051175e-01
 1 |   0.42271520511746 |   4.257039130651e-01
 2 |   0.42570391306514 |   4.271516802859e-01
 3 |   0.42715168028594 |   4.278649300696e-01
 4 |   0.42786493006958 |   4.282190082422e-01
 5 |   0.42821900824223 |   4.283954238135e-01
 6 |   0.42839542381351 |   4.284834773193e-01
 7 |   0.42848347731930 |   4.285274656992e-01
 8 |   0.42852746569917 |   4.285494503196e-01
 9 |   0.42854945031959 |   4.285604402449e-01
10 |   0.42856044024487 |   4.285659346026e-01
11 |   0.42856593460258 |   4.285686816368e-01
12 |   0.42856868163676 |   4.285700551224e-01
13 |   0.42857005512241 |   4.285707417890e-01
14 |   0.42857074178899 |   4.285710852622e-01
15 |   0.42857108526216 |   4.285712569250e-01
16 |   0.42857125692502 |   4.285713430648e-01
17 |   0.42857134306480 |   4.285713870579e-01
18 |   0.42857138705788 |   4.285714071943e-01
19 |   0.42857140719427 |   4.285714194143e-01
20 |   0.42857141941427 |   4.285714251197e-01
21 |   0.42857142511973 |   4.285714553922e-01
22 |   0.42857145539221 |   4.285714417565e-01
23 |   0.42857144175650 |   4.285714338315e-01
24 |   0.42857143383151 |   4.285714338315e-01
Found root, Intial Guess:   0.40000000000000 Iterations: 25 Root:   4.285714338315e-01
 k | xk | f(xk)
 0 |   1.60000000000000 |   1.745685279188e+00
 0 |   1.74568527918782 |   1.710133486023e+00
 1 |   1.71013348602295 |   1.707127400214e+00
 2 |   1.70712740021415 |   1.707106782152e+00
 3 |   1.70710678215216 |   1.707106781187e+00
 4 |   1.70710678118655 |   1.707106781187e+00
Found root, Intial Guess:   1.60000000000000 Iterations:  5 Root:   1.707106781187e+00

diary
